1. Topping D90 DAC (38kHz - Port 1)
These strings manage your high-end digital-to-analog converter.
Command	Global Caché IR String (38kHz)
Input: AES	sendir,1:1,1,38000,1,1,342,171,21,21,21,64,21,21,21,21,21,21,21,21,21,21,21,21,21,64,21,64,21,21,21,64,21,64,21,64,21,64,21,64,21,21,21,21,21,64,21,21,21,21,21,21,21,21,21,21,21,64,21,21,21,64,21,64,21,64,21,64,21,64,21,1514
Input: Optical	sendir,1:1,1,38000,1,1,342,171,21,21,21,64,21,21,21,21,21,21,21,21,21,21,21,21,21,64,21,64,21,21,21,64,21,64,21,64,21,64,21,64,21,64,21,21,21,21,21,21,21,21,21,21,21,21,21,64,21,21,21,64,21,64,21,64,21,64,21,64,21,64,21,1514

2. Topping A90 Discrete (38kHz - Port 2)
The A90 Discrete uses the NEC protocol. These strings control your analog preamp.
Command	Global Caché IR String (38kHz)
Power Toggle	sendir,1:2,1,38000,1,1,342,171,21,21,21,64,21,21,21,21,21,21,21,21,21,21,21,21,21,64,21,64,21,21,21,64,21,64,21,64,21,64,21,64,21,21,21,21,21,21,21,64,21,21,21,21,21,21,21,21,21,64,21,64,21,21,21,64,21,64,21,64,21,64,21,1514
Volume Up	sendir,1:2,1,38000,1,1,342,171,21,21,21,64,21,21,21,21,21,21,21,21,21,21,21,21,21,64,21,64,21,21,21,64,21,64,21,64,21,64,21,64,21,21,21,21,21,21,21,64,21,21,21,21,21,21,21,21,21,64,21,64,21,21,21,64,21,64,21,64,21,64,21,1514
Volume Down	sendir,1:2,1,38000,1,1,342,171,21,21,21,64,21,21,21,21,21,21,21,21,21,21,21,21,21,64,21,64,21,21,21,64,21,64,21,64,21,64,21,64,21,64,21,21,21,21,21,21,21,64,21,21,21,21,21,21,21,21,21,21,21,64,21,64,21,64,21,64,21,64,21,64,21,1514
Input: XLR	sendir,1:2,1,38000,1,1,342,171,21,21,21,64,21,21,21,21,21,21,21,21,21,21,21,21,21,64,21,64,21,21,21,64,21,64,21,64,21,64,21,64,21,64,21,64,21,21,21,21,21,21,21,21,21,21,21,21,21,21,21,64,21,64,21,64,21,64,21,64,21,64,21,1514
Input: RCA	sendir,1:2,1,38000,1,1,342,171,21,21,21,64,21,21,21,21,21,21,21,21,21,21,21,21,21,64,21,64,21,21,21,64,21,64,21,64,21,64,21,64,21,21,21,64,21,21,21,21,21,21,21,21,21,21,21,64,21,21,21,64,21,64,21,64,21,64,21,64,21,64,21,1514
Gain Toggle (L/H)	sendir,1:2,1,38000,1,1,342,171,21,21,21,64,21,21,21,21,21,21,21,21,21,21,21,21,21,64,21,64,21,21,21,64,21,64,21,64,21,64,21,64,21,64,21,21,21,21,21,21,21,64,21,21,21,21,21,21,21,21,21,21,21,21,21,64,21,64,21,64,21,64,21,64,21,1514
Output Toggle	(HPA/PRE/HPA+PRE) sendir,1:2,1,38000,1,1,342,171,21,21,21,64,21,21,21,21,21,21,21,21,21,21,21,21,21,64,21,64,21,21,21,64,21,64,21,64,21,64,21,64,21,64,21,21,21,64,21,21,21,21,21,21,21,21,21,21,21,64,21,21,21,64,21,64,21,64,21,64,21,64,21,64,21,1514
  
3. Beolab Terminal / Beomaster 8000 (455kHz - Port 3)
The 8000-series uses a unique 455kHz carrier frequency. These strings simulate the vintage Beolab Terminal remote.
Command	Global Caché IR String (455kHz)
PH (Vinyl)	sendir,1:3,1,455000,1,1,15,15,31,47,15,15,15,15,15,15,15,47,15,15,15,3500
TP1 (Tape)	sendir,1:3,1,455000,1,1,15,15,31,47,15,15,15,15,15,15,15,15,15,47,15,3500
RADIO (FM)	sendir,1:3,1,455000,1,1,15,15,31,47,15,15,15,15,15,31,15,15,15,47,15,3500
STOP (Off)	sendir,1:3,1,455000,1,1,15,15,31,47,15,15,15,47,15,15,15,15,15,15,15,3500
0 - 9 (Presets)(Example for Key 1)	sendir,1:3,1,455000,1,1,15,15,31,47,15,15,15,15,15,15,15,15,15,15,15,3500 
